8	0.240596
66	0.182402
53	0.171884
29	0.167845
86	0.163253
88	0.163163
98	0.151393
26	0.136914
89	0.135826
56	0.133748
34	0.129092
55	0.122612
64	0.122307
15	0.119311
93	0.118312
78	0.117155
6	0.112014
73	0.109222
83	0.108226
33	0.106120
65	0.086256
92	0.074600
91	0.073491
23	0.069877
2	0.069037
18	0.067177
70	0.066575
41	0.062781
39	0.062646
12	0.060064
99	0.059147
67	0.052746
27	0.051229
54	0.049018
31	0.047957
49	0.043358
85	0.036205
52	0.032032
28	0.029932
87	0.028420
62	0.024143
63	0.022114
97	0.013493
5	0.007384
19	0.005034
22	0.004644
69	0.003329
58	0.000605
61	-0.003747
50	-0.003802
13	-0.004285
42	-0.004406
11	-0.004796
51	-0.005903
95	-0.006914
77	-0.008691
59	-0.010268
10	-0.011580
0	-0.012609
24	-0.012853
71	-0.014377
14	-0.021540
7	-0.026140
48	-0.027762
45	-0.034673
74	-0.039543
32	-0.040542
90	-0.044978
16	-0.047062
38	-0.050087
80	-0.052502
68	-0.052871
76	-0.053601
35	-0.066543
60	-0.069809
9	-0.069910
21	-0.078525
84	-0.086676
94	-0.095179
3	-0.097710
44	-0.105098
4	-0.105259
20	-0.111262
72	-0.128148
1	-0.146660
57	-0.148586
79	-0.148628
17	-0.154082
43	-0.154749
30	-0.154758
37	-0.158214
47	-0.163107
40	-0.168049
75	-0.176687
96	-0.196290
82	-0.204823
36	-0.207844
46	-0.235357
25	-0.277575
81	-0.393267
